./iozone -Rab output.wks -g 2G -i 0 -i 1 -f /home/yjzhao/csci5550/mount/temp 													
 													
The top row is records sizes, the left column is file sizes													
Writer Report													
	4	8	16	32	64	128	256	512	1024	2048	4096	8192	16384
64	82045	89009	91155	89633	90145								
128	89946	92758	94672	94125	94957	95091							
256	92789	93022	92517	94321	95023	90042	95275						
512	92921	92520	95043	91562	94428	93191	95896	96296					
1024	84369	91946	87149	94360	93996	91757	87844	93235	94411				
2048	91756	93146	94382	91793	92335	93133	93061	90904	92652	93150			
4096	91067	91575	91871	89958	91486	92629	87592	93207	92254	93657	94241		
8192	83610	91716	91904	92716	93367	90899	93440	91882	91459	92407	92245	91082	
16384	91242	90546	91524	92540	92431	92921	92619	92771	93703	91097	91671	91974	91408
32768	0	0	0	0	92318	92844	92250	92283	92541	91779	91437	91394	91903
65536	0	0	0	0	92771	92007	92737	92450	92639	91727	91555	92678	91920
131072	0	0	0	0	91986	92426	93090	92035	92111	92374	92024	92322	92052
262144	0	0	0	0	91887	92423	92359	92366	93074	92331	91767	92922	92189
524288	0	0	0	0	93727	92357	92537	92564	92596	92697	92106	92014	113571
1048576	0	0	0	0	89525	89062	90307	93813	92464	90301	84164	93849	78814
2097152	0	0	0	0	86001	90338	88303	89600	95084	92015	91782	93448	91248
Re-writer Report													
	4	8	16	32	64	128	256	512	1024	2048	4096	8192	16384
64	90785	86934	95365	95230	93864								
128	93845	94672	95804	91106	95379	96824							
256	94821	94922	96604	96275	96163	91524	96163						
512	91609	94674	81169	83932	84044	94762	83388	85360					
1024	94411	95200	96475	96185	96503	97061	96033	96177	85099				
2048	91813	93133	94161	94885	94096	92284	93375	94143	92514	92607			
4096	92665	93317	93484	92800	93139	92831	89899	93422	94700	94626	94834		
8192	89072	90421	92808	93734	94029	91968	93653	92213	92092	92887	92691	92995	
16384	90071	92613	91339	91884	92008	93107	93251	92943	93039	92219	91962	92282	91967
32768	0	0	0	0	92608	92218	92303	91829	92611	92654	92382	91808	96778
65536	0	0	0	0	92413	92422	92633	92571	92207	92453	91812	91847	91933
131072	0	0	0	0	94109	92280	92027	92493	92531	92497	92117	92456	92035
262144	0	0	0	0	93133	92386	92535	98218	96108	92404	91561	92195	92158
524288	0	0	0	0	93561	92691	92934	92371	92098	92058	100805	91827	109596
1048576	0	0	0	0	91349	87633	89875	89888	87556	90337	90782	85015	85733
2097152	0	0	0	0	86545	89142	86636	88093	85439	86422	85386	85576	89558
Reader Report													
	4	8	16	32	64	128	256	512	1024	2048	4096	8192	16384
64	218452	229274	385790	9006179	12902017								
128	255920	263973	329004	457376	9129573	9795896							
256	254754	258620	273230	332447	530031	490336	9434868						
512	245432	268207	274375	288958	327170	341803	523418	8528336					
1024	260036	259032	260493	284608	309752	307138	345010	529210	8246774				
2048	238055	260919	267184	280352	274536	257965	297715	354387	462401	8261095			
4096	242182	256351	263390	237725	267871	244188	277149	266963	348209	510094	5549401		
8192	232648	238354	259059	252124	266665	252987	258414	254330	259513	344971	501837	4633311	
16384	236680	262783	241388	238350	242442	254374	257262	263908	254952	273490	314127	496245	4532108
32768	0	0	0	0	258918	261032	249119	263789	271958	266027	284506	335487	629729
65536	0	0	0	0	299241	260492	247047	323106	272031	267483	341820	296613	341429
131072	0	0	0	0	259241	265201	266678	250094	254814	264747	275465	269388	298472
262144	0	0	0	0	260035	259349	261041	263380	267863	260846	262484	265635	267464
524288	0	0	0	0	264102	261198	264094	265124	266843	261071	278949	261669	267106
1048576	0	0	0	0	250863	248455	249916	334453	297746	263366	260335	262314	255646
2097152	0	0	0	0	242377	251345	240849	258380	246860	252563	246519	264566	265051
Re-reader Report													
	4	8	16	32	64	128	256	512	1024	2048	4096	8192	16384
64	236965	234481	390278	10821524	12902017								
128	263843	266066	306992	473930	10779307	10567140							
256	273160	268582	280657	343618	490336	494172	9518507						
512	273815	251850	281165	304616	358044	368615	527273	8665997					
1024	265222	250745	261955	267785	301892	291642	362481	531108	8750850				
2048	237233	255266	269295	262530	268210	254570	296247	336348	462924	7754008			
4096	257380	257949	257334	253308	267466	242811	278487	269239	352372	519786	5696610		
8192	296276	237235	258774	239875	263859	253519	259395	252193	278763	350445	497420	4615263	
16384	238712	262723	240537	241930	264514	253594	256717	265448	275000	301038	348462	500320	4397256
32768	0	0	0	0	259865	261921	256863	266367	260110	269422	285179	334941	621595
65536	0	0	0	0	347647	257331	255692	345823	268678	264986	360347	298466	340907
131072	0	0	0	0	266975	262719	265192	255659	255683	256799	272913	270402	302409
262144	0	0	0	0	260142	260570	260733	258252	267573	262075	264212	266538	268300
524288	0	0	0	0	266093	263227	263473	263231	266751	263622	268341	262209	266049
1048576	0	0	0	0	251435	257763	251501	268813	263725	263087	261197	262369	264238
2097152	0	0	0	0	288316	261520	260206	228942	340534	291873	254041	229149	320256
